i1,5,GRM,0.7285168,-3.6697267,-1.8557195,-0.795453,1.7017046
i2,5,GRM,1.4320367,-1.9769159,-0.2491904,0.9431689,2.3986916
i3,5,GRM,1.4408813,-2.3565287,-0.9202659,-0.3938701,1.3753061
i4,5,GRM,1.2750916,-2.8531729,-0.8582853,0.0269233,1.8811837
i5,5,GRM,1.1038555,-3.3118048,0.7098472,0.7472352,2.8459029
i6,5,GRM,1.8500396,-1.145799,-0.1416909,0.3799398,1.6075087
i7,5,GRM,0.9902053,-3.9872727,-1.003486,0.1709624,2.6052919
i8,5,GRM,0.6262678,-4.6455267,-1.3216715,0.7465748,3.8423281
i9,5,GRM,2.0201497,-1.9484976,-0.1795815,0.4930665,1.7903448
i10,5,GRM,1.2428043,-2.7341127,-0.5733624,0.3677364,2.134941
i11,5,GRM,1.7648831,-1.4234562,0.1135894,0.811445,2.084983
i12,5,GRM,1.1457471,-2.4058056,-0.7429848,-0.0078366,1.864112
