i1,5,GRM,0.7296972,-3.2849624,-1.5294921,-0.6291087,2.0263531
i2,5,GRM,1.4609731,-1.8060524,0.0340612,1.1997829,2.5807792
i3,5,GRM,1.422593,-2.1434997,-0.71828,-0.2084758,1.5975203
i4,5,GRM,1.2898756,-2.9147731,-0.9138083,-0.0692822,1.7737884
i5,5,GRM,1.1468976,-2.9104853,0.8615722,0.9183526,2.9865386
i6,5,GRM,1.8395147,-0.9063715,0.0972531,0.5868544,1.792239
i7,5,GRM,0.9973731,-3.6507365,-0.8093269,0.3844569,2.9430074
i8,5,GRM,0.6045838,-4.2896262,-0.8011923,1.0596313,4.463871
i9,5,GRM,2.110173,-1.6692148,-0.0059463,0.5918128,1.8986087
i10,5,GRM,1.086428,-2.8291538,-0.5076622,0.5833127,2.5702994
i11,5,GRM,1.6734973,-0.5371192,0.99348,1.7307813,3.0702389
i12,5,GRM,1.2055503,-2.1648281,-0.5439242,0.1786472,1.8817253
