i1,2,3PLM,0.5872655,-1.8036408,0.2200629,NA,NA
i2,2,3PLM,1.5747599,0.484846,0.0945311,NA,NA
i3,2,3PLM,1.0648588,-0.0129404,0.0700684,NA,NA
i4,2,3PLM,1.1252632,-0.1583,0.258067,NA,NA
i5,2,3PLM,1.8945358,-0.2101171,0.1030019,NA,NA
i6,2,3PLM,1.2665851,1.8340082,0.0825737,NA,NA
i7,2,3PLM,1.6939787,0.032629,0.1271,NA,NA
i8,2,3PLM,2.687169,0.7207051,0.2132543,NA,NA
i9,2,3PLM,2.0717851,1.4468338,0.1455093,NA,NA
i10,2,3PLM,1.6187299,1.0584713,0.2764589,NA,NA
i11,2,3PLM,1.48468,0.2760091,0.0973108,NA,NA
i12,2,3PLM,1.9011642,-0.5952685,0.0822804,NA,NA
i13,2,3PLM,1.1278808,-1.37447,0.0948325,NA,NA
i14,2,3PLM,2.3204773,-0.7287019,0.190147,NA,NA
i15,2,3PLM,1.8812392,-2.6930835,0.1874998,NA,NA
i16,2,3PLM,1.4443097,-0.8019546,0.2255262,NA,NA
i17,2,3PLM,1.1552224,-0.8660008,0.1265609,NA,NA
i18,2,3PLM,1.7252638,0.2701932,0.0789402,NA,NA
i19,2,3PLM,1.5462858,1.0792274,0.3277306,NA,NA
i20,2,3PLM,1.8469427,1.0883593,0.1364254,NA,NA
i21,2,3PLM,1.8825692,0.7256989,0.1928687,NA,NA
i22,2,3PLM,1.9840664,0.733226,0.1586676,NA,NA
i23,2,3PLM,1.6255925,-0.0916311,0.1236561,NA,NA
i24,2,3PLM,1.689209,0.8873195,0.1029964,NA,NA
i25,2,3PLM,2.3521329,-1.8665939,0.3239074,NA,NA
i26,2,3PLM,0.9867377,-0.3469145,0.1725792,NA,NA
i27,2,3PLM,0.3234562,1.1483722,0.16905,NA,NA
i28,2,3PLM,1.6536795,-0.1197789,0.2914934,NA,NA
i29,2,3PLM,1.068619,0.8485786,0.16516,NA,NA
i30,2,3PLM,2.039914,1.7255157,0.1555398,NA,NA
i31,2,3PLM,1.8713102,0.5036424,0.3055687,NA,NA
i32,2,3PLM,1.4841457,-0.3232624,0.0733764,NA,NA
i33,2,3PLM,1.4425585,-0.1968509,0.3075229,NA,NA
i34,2,3PLM,1.6581699,-0.0938598,0.0521484,NA,NA
i35,2,3PLM,1.2104938,0.9460481,0.151435,NA,NA
i36,2,3PLM,1.3145309,-1.6715848,0.1280545,NA,NA
i37,5,GPCM,2.7438003,-3.3444299,-2.8285929,-2.7554991,-2.3878683
i38,5,GPCM,1.5260072,-0.7296061,-0.5426709,0.0839214,0.5538559
i39,5,GPCM,0.95547,0.9989338,1.3561322,1.4001606,2.9541356
i40,5,GPCM,1.8825575,-0.2092174,0.0394687,1.3593864,1.4010584
