i1,2,3PLM,0.631699,-1.5006629,0.2077142,NA,NA
i2,2,3PLM,1.8006846,0.7507889,0.1072178,NA,NA
i3,2,3PLM,1.1841601,0.4367184,0.1317402,NA,NA
i4,2,3PLM,0.9401589,-0.1504506,0.1748109,NA,NA
i5,2,3PLM,2.0176021,0.0363542,0.0714949,NA,NA
i6,2,3PLM,1.5742468,2.1277715,0.0915055,NA,NA
i7,2,3PLM,1.7222631,0.2814799,0.1210792,NA,NA
i8,2,3PLM,2.5370127,1.0267432,0.2171041,NA,NA
i9,2,3PLM,2.9789318,1.5743004,0.1631415,NA,NA
i10,2,3PLM,2.2276451,1.3290049,0.3133004,NA,NA
i11,2,3PLM,1.7216589,0.5015271,0.1078973,NA,NA
i12,2,3PLM,2.0183567,0.6426753,0.0951716,NA,NA
i13,2,3PLM,1.1441929,-1.0677919,0.0841846,NA,NA
i14,2,3PLM,2.103338,-0.6174797,0.1629062,NA,NA
i15,2,3PLM,1.6914062,-2.5593925,0.3034257,NA,NA
i16,2,3PLM,1.4247549,-0.8629985,0.0774448,NA,NA
i17,2,3PLM,1.1505954,-0.5002363,0.1474267,NA,NA
i18,2,3PLM,2.2434683,0.4925902,0.1068302,NA,NA
i19,2,3PLM,1.4980453,2.1834632,0.3268172,NA,NA
i20,2,3PLM,2.1521987,1.249286,0.1489085,NA,NA
i21,2,3PLM,2.0007069,0.9289576,0.1864436,NA,NA
i22,2,3PLM,1.6681032,0.8516944,0.1114212,NA,NA
i23,2,3PLM,1.6952796,0.1716334,0.1643456,NA,NA
i24,2,3PLM,1.5523329,1.0727005,0.0755159,NA,NA
i25,2,3PLM,2.1607816,-1.7271369,0.3125021,NA,NA
i26,2,3PLM,1.2793228,0.2206998,0.2945891,NA,NA
i27,2,3PLM,0.4578682,1.1869332,0.1665311,NA,NA
i28,2,3PLM,1.8321409,0.2599281,0.3291895,NA,NA
i29,2,3PLM,1.0832401,1.0220819,0.168887,NA,NA
i30,2,3PLM,2.0134944,1.9059123,0.1801964,NA,NA
i31,2,3PLM,1.8457423,0.7253697,0.2811631,NA,NA
i32,2,3PLM,1.620393,0.1201964,0.1346694,NA,NA
i33,2,3PLM,1.7603002,0.1046539,0.3349347,NA,NA
i34,2,3PLM,1.7212562,0.3207367,0.1061503,NA,NA
i35,2,3PLM,1.07206,1.2553665,0.1589915,NA,NA
i36,2,3PLM,1.4411392,-1.3614308,0.1925937,NA,NA
i37,5,GPCM,2.717211,-3.1937206,-2.7318899,-2.629489,-2.21132
i38,5,GPCM,1.5472549,-0.4977839,-0.3441581,0.2894019,0.7359986
i39,5,GPCM,1.0107008,1.2701521,1.6104894,1.6304125,3.0455303
i40,5,GPCM,2.004973,-0.6447449,-0.3503646,0.855053,0.9002692
